0 1912.28
0.00997151  1904.48
0.0612536 1914.23
0.111823  1894.74
0.161681  1861.6
0.210826  1816.76
0.258547  1762.18
0.304131  1699.81
0.348291  1629.63
0.391738  1555.56
0.434473  1479.53
0.476496  1397.66
0.517806  1315.79
0.559117  1231.97
0.600427  1146.2
0.639601  1056.53
0.67735 962.963
0.714387  865.497
0.751425  769.981
0.792023  686.16
0.836895  615.984
0.883903  557.505
0.931624  502.924
0.979345  450.292
1.02707 399.61
1.0755  350.877
1.12393 307.992
1.17308 269.006
1.22293 231.969
1.27208 194.932
1.32194 159.844
1.37179 128.655
1.42165 89.6686
1.5235  19.4932
1.55769 0
