0 9800
0.0608108 9800
0.108108  9750
0.149399  9727.78
0.27027 9450
0.351351  9200
0.391892  9050
0.43018 8877.78
0.475976  8655.56
0.521021  8433.33
0.564565  8200
0.607357  7955.56
0.647898  7688.89
0.687688  7416.67
0.727477  7144.44
0.764264  6855.56
0.804054  6550
0.810811  6155.56
0.828078  5777.78
0.852102  5427.78
0.885886  5122.22
0.926426  4855.56
0.970721  4616.67
1.01577 4388.89
1.06156 4183.33
1.10811 3983.33
1.15616 3794.44
1.20345 3600
1.24775 3383.33
1.29054 3150
1.33408 2916.67
1.37838 2694.44
1.42417 2472.22
1.46997 2244.44
1.51051 1977.78
1.53904 1655.56
1.54054 1350
1.55405 300
