0 8050
0.0255255 8022.22
0.0795796 7988.89
0.133634  7944.44
0.186937  7888.89
0.24024 7816.67
0.292793  7716.67
0.343844  7588.89
0.394895  7450
0.445195  7300
0.493994  7122.22
0.541291  6927.78
0.588589  6727.78
0.634384  6511.11
0.68018 6288.89
0.723724  6050
0.761261  5772.22
0.797297  5550
0.804054  5200
0.831081  4800
0.858108  4650
0.885135  4500
0.929429  4272.22
0.977477  4088.89
1.02703 3933.33
1.07733 3788.89
1.12763 3633.33
1.17643 3466.67
1.22523 3294.44
1.27402 3122.22
1.32132 2933.33
1.36637 2705.56
1.39189 2600
1.43243 2450
1.47973 2200
1.50676 2000
1.5473  1750
1.5481 1550
1.55757 300
