23.6103 1908.57
24.531  1909.84
25.79 1926.35
26.9739 1949.21
28.2328 1964.44
29.567  1974.6
30.9011 1984.13
32.1977 1994.92
33.4943 2005.08
34.8284 2014.6
36.1626 2024.13
37.4592 2034.29
38.7745 2044.44
40.0899 2053.97
41.424  2062.86
42.7582 2071.75
44.0735 2081.27
45.3701 2091.43
46.7042 2100.32
48.0384 2107.94
49.3725 2116.83
50.6879 2126.98
52.0033 2137.78
53.3374 2146.67
54.6716 2154.29
56.0057 2161.9
57.3399 2169.52
58.674  2177.14
60.0082 2184.76
61.3423 2193.02
62.6389 2203.17
63.9355 2213.97
65.2696 2224.13
66.6038 2232.38
67.9379 2238.73
69.2908 2243.81
70.625  2250.79
71.9404 2259.68
73.2745 2267.94
74.6087 2276.19
75.924  2285.08
77.2582 2293.97
78.5923 2301.59
79.9265 2309.84
81.2418 2316.83
82.576  2323.17
83.9101 2329.52
85.2443 2337.78
86.5784 2346.03
87.9126 2353.02
89.2467 2358.73
90.5809 2366.35
91.915  2375.24
93.2492 2383.49
94.5833 2390.48
95.9175 2398.1
97.2328 2405.08
98.567  2410.79
99.9199 2417.78
101.254 2426.03
102.569 2434.29
103.904 2441.9
105.219 2448.89
106.534 2457.14
107.85  2466.67
109.165 2478.1
110.48  2490.79
111.777 2505.4
112.998 2523.17
114.182 2544.76
115.291 2570.79
116.268 2602.54
117.095 2639.37
117.809 2678.1
118.448 2718.1
119.011 2760
119.5 2802.54
119.932 2845.71
120.327 2889.52
120.665 2933.33
120.947 2978.41
121.21  3023.49
121.492 3067.94
121.811 3111.75
122.093 3156.83
122.319 3201.9
122.544 3246.98
122.77  3292.06
122.976 3337.14
123.145 3382.22
123.296 3427.94
123.446 3473.02
123.596 3518.73
123.747 3563.81
123.897 3608.89
124.085 3654.6
124.292 3699.05
124.48  3743.49
124.592 3789.21
124.649 3834.92
124.724 3880.63
124.799 3926.35
124.874 3972.06
124.968 4017.78
