665.441 1937.14
676.471 1937.14
691.176 1942.86
705.882 1954.29
720.588 1965.71
735.294 1971.43
746.324 1982.86
761.029 1994.29
772.059 2000
790.441 2011.43
808.824 2017.14
830.882 2022.86
849.265 2034.29
867.647 2040
900.735 2051.43
915.441 2057.14
933.824 2062.86
948.529 2074.29
977.941 2080
992.647 2091.43
1025.74 2097.14
1051.47 2114.29
1077.21 2125.71
1095.59 2131.43
1121.32 2137.14
1132.35 2142.86
1154.41 2154.29
1169.12 2160
1191.18 2165.71
1209.56 2177.14
1235.29 2188.57
1275.74 2194.29
1301.47 2211.43
1330.88 2222.86
1356.62 2234.29
1375  2240
1397.06 2251.43
1422.79 2257.14
1452.21 2268.57
1477.94 2280
1500  2285.71
1525.74 2291.43
1547.79 2302.86
1562.5  2302.86
1588.24 2314.29
1595.59 2320
1606.62 2325.71
1639.71 2331.43
1672.79 2337.14
1687.5  2348.57
1716.91 2360
1757.35 2371.43
1786.76 2382.86
1801.47 2388.57
1823.53 2394.29
1845.59 2400
1871.32 2417.14
1889.71 2422.86
1922.79 2434.29
1955.88 2445.71
1996.32 2462.86
2025.74 2462.86
2069.85 2474.29
2095.59 2480
2117.65 2497.14
2143.38 2508.57
2165.44 2520
2187.5  2525.71
2209.56 2531.43
2238.97 2542.86
2268.38 2548.57
2283.09 2548.57
2319.85 2560
2349.26 2565.71
2371.32 2577.14
2397.06 2582.86
2422.79 2600
2466.91 2617.14
2500  2622.86
2533.09 2634.29
2566.18 2651.43
2584.56 2662.86
2606.62 2685.71
2632.35 2702.86
2647.06 2720
2661.76 2742.86
2683.82 2777.14
2709.56 2834.29
2738.97 2908.57
2753.68 2960
2775.74 3080
2786.76 3142.86
2801.47 3217.14
2808.82 3297.14
2816.18 3360
2830.88 3491.43
2845.59 3634.29
2852.94 3731.43
2856.62 3834.29
2863.97 3925.71
2867.65 4028.57
2875  4051.43
