0 5056.34
0.0153846 5056.34
0.0384615 5056.34
0.0641026 5056.34
0.0820513 5056.34
0.105128  5056.34
0.130769  5056.34
0.151282  5042.25
0.189744  5028.17
0.230769  4957.75
0.269231  4859.15
0.310256  4746.48
0.348718  4633.8
0.387179  4492.96
0.410256  4394.37
0.428205  4323.94
0.45641 4211.27
0.479487  4098.59
0.497436  4028.17
0.523077  3873.24
0.546154  3718.31
0.548718  3591.55
0.551282  3436.62
0.55641 3211.27
0.561538  2985.92
0.566667  2774.65
0.605128  2661.97
0.646154  2563.38
0.689744  2464.79
0.733333  2366.2
0.774359  2253.52
0.817949  2154.93
0.85641 2042.25
0.882051  1985.92
0.912821  1971.83
0.938462  1887.32
0.964103  1774.65
0.971795  1591.55
0.984615  1197.18
0.997436  802.817
1.0 300
