682.099 23.7295
709.491 25.1014
736.497 26.4541
763.117 27.7874
789.738 29.1208
816.744 30.4734
843.364 31.8068
869.985 33.1401
896.605 34.4734
923.225 35.8068
949.846 37.1401
976.466 38.4734
1003.09 39.8068
1030.48 41.1787
1057.48 42.5314
1084.49 43.8841
1111.5  45.2367
1138.5  46.5894
1165.9  47.9614
1192.52 49.2947
1219.14 50.628
1245.76 51.9614
1272.76 53.314
1299.38 54.6473
1326  55.9807
1353.01 57.3333
1380.02 58.686
1406.64 60.0193
1433.64 61.372
1460.65 62.7246
1487.65 64.0773
1514.27 65.4106
1540.9  66.744
1568.29 68.1159
1595.29 69.4686
1621.91 70.8019
1648.92 72.1546
1675.54 73.4879
1702.16 74.8213
1728.78 76.1546
1755.4  77.4879
1782.02 78.8213
1808.64 80.1546
1835.26 81.4879
1861.88 82.8213
1888.89 84.1739
1915.51 85.5072
1942.13 86.8406
1968.75 88.1739
1996.14 89.5459
2023.15 90.8986
2050.15 92.2512
2077.16 93.6039
2103.78 94.9372
2130.4  96.2705
2157.41 97.6232
2184.03 98.9565
2210.65 100.29
2237.27 101.623
2264.27 102.976
2291.28 104.329
2317.9  105.662
2343.75 106.957
2370.37 108.29
2397.38 109.643
2423.61 110.957
2449.46 112.251
2475.31 113.546
2501.54 114.86
2527.78 116.174
2553.24 117.449
2577.93 118.686
2602.24 119.903
2625.39 121.063
2648.53 122.222
2670.91 123.343
2691.36 124.367
2710.65 125.333
2728.78 126.242
2745.37 127.072
2759.65 127.787
2772.38 128.425
2784.34 129.024
2795.14 129.565
2805.94 130.106
2815.97 130.609
2824.85 131.053
2833.33 131.478
2840.66 131.845
2847.99 132.213
2854.55 132.541
2861.11 132.87
2866.9  133.159
2873.46 133.488
2881.17 133.874
2887.73 134.203
2891.59 134.396
2893.9  134.512
2895.06 134.57

