6.727939999999999827e+02 2.361029999999999873e+01
6.928099999999999454e+02 2.453099999999999881e+01
7.201799999999999500e+02 2.578999999999999915e+01
7.459149999999999636e+02 2.697390000000000043e+01
7.732839999999999918e+02 2.823280000000000101e+01
8.022880000000000109e+02 2.956700000000000017e+01
8.312910000000000537e+02 3.090109999999999957e+01
8.594769999999999754e+02 3.219769999999999754e+01
8.876630000000000109e+02 3.349430000000000263e+01
9.166670000000000300e+02 3.482840000000000202e+01
9.456699999999999591e+02 3.616259999999999764e+01
9.738559999999999945e+02 3.745920000000000272e+01
1.002450000000000045e+03 3.877450000000000330e+01
1.031049999999999955e+03 4.008990000000000009e+01
1.060049999999999955e+03 4.142399999999999949e+01
1.089049999999999955e+03 4.275820000000000221e+01
1.117650000000000091e+03 4.407350000000000279e+01
1.145829999999999927e+03 4.537010000000000076e+01
1.174839999999999918e+03 4.670420000000000016e+01
1.203839999999999918e+03 4.803840000000000288e+01
1.232839999999999918e+03 4.937250000000000227e+01
1.261440000000000055e+03 5.068789999999999907e+01
1.290029999999999973e+03 5.200330000000000297e+01
1.319039999999999964e+03 5.333740000000000236e+01
1.348039999999999964e+03 5.467159999999999798e+01
1.377039999999999964e+03 5.600569999999999737e+01
1.406049999999999955e+03 5.733990000000000009e+01
1.435049999999999955e+03 5.867399999999999949e+01
1.464049999999999955e+03 6.000820000000000221e+01
1.493059999999999945e+03 6.134230000000000160e+01
1.521240000000000009e+03 6.263889999999999958e+01
1.549430000000000064e+03 6.393549999999999756e+01
1.578430000000000064e+03 6.526959999999999695e+01
1.607430000000000064e+03 6.660380000000000678e+01
1.636440000000000055e+03 6.793789999999999907e+01
1.665849999999999909e+03 6.929080000000000439e+01
1.694849999999999909e+03 7.062500000000000000e+01
1.723450000000000045e+03 7.194039999999999679e+01
1.752450000000000045e+03 7.327450000000000330e+01
1.781450000000000045e+03 7.460869999999999891e+01
1.810049999999999955e+03 7.592400000000000659e+01
1.839049999999999955e+03 7.725820000000000221e+01
1.868059999999999945e+03 7.859229999999999450e+01
1.897059999999999945e+03 7.992650000000000432e+01
1.925650000000000091e+03 8.124179999999999779e+01
1.954660000000000082e+03 8.257599999999999341e+01
1.983660000000000082e+03 8.391009999999999991e+01
2.012660000000000082e+03 8.524429999999999552e+01
2.041670000000000073e+03 8.657840000000000202e+01
2.070670000000000073e+03 8.791259999999999764e+01
2.099670000000000073e+03 8.924670000000000414e+01
2.128679999999999836e+03 9.058089999999999975e+01
2.157679999999999836e+03 9.191500000000000625e+01
2.186679999999999836e+03 9.324920000000000186e+01
2.215690000000000055e+03 9.458329999999999416e+01
2.244690000000000055e+03 9.591750000000000398e+01
2.273280000000000200e+03 9.723279999999999745e+01
2.302289999999999964e+03 9.856699999999999307e+01
2.331699999999999818e+03 9.991989999999999839e+01
2.360699999999999818e+03 1.012540000000000049e+02
2.389300000000000182e+03 1.025690000000000026e+02
2.418300000000000182e+03 1.039039999999999964e+02
2.446900000000000091e+03 1.052189999999999941e+02
2.475489999999999782e+03 1.065340000000000060e+02
2.504079999999999927e+03 1.078499999999999943e+02
2.532679999999999836e+03 1.091650000000000063e+02
2.561269999999999982e+03 1.104800000000000040e+02
2.589460000000000036e+03 1.117770000000000010e+02
2.616010000000000218e+03 1.129980000000000047e+02
2.641750000000000000e+03 1.141820000000000022e+02
2.665849999999999909e+03 1.152909999999999968e+02
2.687090000000000146e+03 1.162680000000000007e+02
2.705070000000000164e+03 1.170949999999999989e+02
2.720590000000000146e+03 1.178089999999999975e+02
2.734480000000000018e+03 1.184479999999999933e+02
2.746730000000000018e+03 1.190109999999999957e+02
2.757349999999999909e+03 1.195000000000000000e+02
2.766750000000000000e+03 1.199320000000000022e+02
2.775329999999999927e+03 1.203269999999999982e+02
2.782679999999999836e+03 1.206650000000000063e+02
2.788809999999999945e+03 1.209470000000000027e+02
2.794530000000000200e+03 1.212099999999999937e+02
2.800650000000000091e+03 1.214920000000000044e+02
2.807599999999999909e+03 1.218110000000000070e+02
2.813730000000000018e+03 1.220930000000000035e+02
2.818630000000000109e+03 1.223190000000000026e+02
2.823530000000000200e+03 1.225439999999999969e+02
2.828429999999999836e+03 1.227699999999999960e+02
2.832920000000000073e+03 1.229759999999999991e+02
2.836599999999999909e+03 1.231449999999999960e+02
2.839869999999999891e+03 1.232960000000000065e+02
2.843139999999999873e+03 1.234459999999999980e+02
2.846409999999999854e+03 1.235960000000000036e+02
2.849670000000000073e+03 1.237469999999999999e+02
2.852940000000000055e+03 1.238970000000000056e+02
2.857030000000000200e+03 1.240849999999999937e+02
2.861519999999999982e+03 1.242920000000000016e+02
2.865599999999999909e+03 1.244800000000000040e+02
2.868059999999999945e+03 1.245919999999999987e+02
2.869280000000000200e+03 1.246490000000000009e+02
2.870920000000000073e+03 1.247240000000000038e+02
2.872550000000000182e+03 1.247990000000000066e+02
2.874179999999999836e+03 1.248739999999999952e+02
2.876230000000000018e+03 1.249680000000000035e+02
