682.099 1930.7
709.491 1937.57
736.497 1948.45
763.117 1959.91
789.738 1970.22
816.744 1979.38
843.364 1990.26
869.985 2002.29
896.605 2014.32
923.225 2025.2
949.846 2036.66
976.466 2048.11
1003.09 2058.42
1030.48 2068.16
1057.48 2078.47
1084.49 2088.2
1111.5  2098.51
1138.5  2108.25
1165.9  2117.98
1192.52 2128.87
1219.14 2140.32
1245.76 2151.2
1272.76 2162.08
1299.38 2173.54
1326  2184.99
1353.01 2195.88
1380.02 2206.76
1406.64 2218.21
1433.64 2228.52
1460.65 2237.69
1487.65 2248
1514.27 2259.45
1540.9  2269.76
1568.29 2278.92
1595.29 2288.66
1621.91 2298.97
1648.92 2309.28
1675.54 2319.59
1702.16 2330.47
1728.78 2341.92
1755.4  2353.38
1782.02 2364.26
1808.64 2375.14
1835.26 2386.6
1861.88 2396.91
1888.89 2407.22
1915.51 2417.53
1942.13 2428.98
1968.75 2439.86
1996.14 2450.17
2023.15 2459.91
2050.15 2469.07
2077.16 2479.38
2103.78 2490.26
2130.4  2501.15
2157.41 2511.45
2184.03 2522.34
2210.65 2534.36
2237.27 2546.39
2264.27 2556.7
2291.28 2567.01
2317.9  2579.04
2343.75 2591.64
2370.37 2603.67
2397.38 2615.12
2423.61 2627.72
2449.46 2641.47
2475.31 2656.36
2501.54 2671.25
2527.78 2685.57
2553.24 2701.6
2577.93 2720.5
2602.24 2740.55
2625.39 2762.89
2648.53 2785.8
2670.91 2810.42
2691.36 2837.92
2710.65 2867.7
2728.78 2898.63
2745.37 2931.27
2759.65 2966.78
2772.38 3003.44
2784.34 3040.66
2795.14 3078.47
2805.94 3116.27
2815.97 3154.07
2824.85 3193.01
2833.33 3232.53
2840.66 3272.62
2847.99 3312.71
2854.55 3352.81
2861.11 3392.9
2866.9  3432.99
2873.46 3473.65
2881.17 3513.17
2887.73 3552.69
2891.59 3592.78
2893.9  3634.02
2895.06 3675.26
