672.794 1908.57
692.81  1909.84
720.18  1926.35
745.915 1949.21
773.284 1964.44
802.288 1974.6
831.291 1984.13
859.477 1994.92
887.663 2005.08
916.667 2014.6
945.67  2024.13
973.856 2034.29
1002.45 2044.44
1031.05 2053.97
1060.05 2062.86
1089.05 2071.75
1117.65 2081.27
1145.83 2091.43
1174.84 2100.32
1203.84 2107.94
1232.84 2116.83
1261.44 2126.98
1290.03 2137.78
1319.04 2146.67
1348.04 2154.29
1377.04 2161.9
1406.05 2169.52
1435.05 2177.14
1464.05 2184.76
1493.06 2193.02
1521.24 2203.17
1549.43 2213.97
1578.43 2224.13
1607.43 2232.38
1636.44 2238.73
1665.85 2243.81
1694.85 2250.79
1723.45 2259.68
1752.45 2267.94
1781.45 2276.19
1810.05 2285.08
1839.05 2293.97
1868.06 2301.59
1897.06 2309.84
1925.65 2316.83
1954.66 2323.17
1983.66 2329.52
2012.66 2337.78
2041.67 2346.03
2070.67 2353.02
2099.67 2358.73
2128.68 2366.35
2157.68 2375.24
2186.68 2383.49
2215.69 2390.48
2244.69 2398.1
2273.28 2405.08
2302.29 2410.79
2331.7  2417.78
2360.7  2426.03
2389.3  2434.29
2418.3  2441.9
2446.9  2448.89
2475.49 2457.14
2504.08 2466.67
2532.68 2478.1
2561.27 2490.79
2589.46 2505.4
2616.01 2523.17
2641.75 2544.76
2665.85 2570.79
2687.09 2602.54
2705.07 2639.37
2720.59 2678.1
2734.48 2718.1
2746.73 2760
2757.35 2802.54
2766.75 2845.71
2775.33 2889.52
2782.68 2933.33
2788.81 2978.41
2794.53 3023.49
2800.65 3067.94
2807.6  3111.75
2813.73 3156.83
2818.63 3201.9
2823.53 3246.98
2828.43 3292.06
2832.92 3337.14
2836.6  3382.22
2839.87 3427.94
2843.14 3473.02
2846.41 3518.73
2849.67 3563.81
2852.94 3608.89
2857.03 3654.6
2861.52 3699.05
2865.6  3743.49
2868.06 3789.21
2869.28 3834.92
2870.92 3880.63
2872.55 3926.35
2874.18 3972.06
2876.23 4017.78
