669.118 1868.57
683.824 1874.29
702.206 1885.71
716.912 1897.14
731.618 1908.57
753.676 1914.29
779.412 1925.71
808.824 1937.14
834.559 1942.86
878.676 1954.29
915.441 1965.71
952.206 1971.43
985.294 1982.86
1022.06 1994.29
1051.47 2000
1091.91 2011.43
1125  2017.14
1158.09 2028.57
1198.53 2040
1227.94 2045.71
1257.35 2051.43
1294.12 2062.86
1327.21 2068.57
1360.29 2080
1389.71 2085.71
1422.79 2091.43
1452.21 2102.86
1481.62 2108.57
1518.38 2114.29
1551.47 2120
1573.53 2125.71
1602.94 2131.43
1632.35 2137.14
1661.76 2148.57
1691.18 2154.29
1720.59 2160
1750  2165.71
1786.76 2171.43
1834.56 2177.14
1860.29 2188.57
1897.06 2188.57
1926.47 2200
1955.88 2205.71
1985.29 2211.43
2022.06 2217.14
2040.44 2222.86
2073.53 2222.86
2099.26 2234.29
2136.03 2240
2176.47 2245.71
2216.91 2251.43
2253.68 2257.14
2283.09 2262.86
2327.21 2268.57
2360.29 2280
2393.38 2280
2430.15 2285.71
2463.24 2297.14
2503.68 2302.86
2540.44 2314.29
2566.18 2314.29
2591.91 2331.43
2621.32 2342.86
2643.38 2354.29
2661.76 2371.43
2680.15 2388.57
2698.53 2405.71
2709.56 2428.57
2724.26 2451.43
2735.29 2480
2746.32 2502.86
2757.35 2548.57
2775.74 2594.29
2783.09 2622.86
2790.44 2674.29
2794.12 2702.86
2805.15 2754.29
2812.5  2777.14
2819.85 2811.43
2823.53 2851.43
2827.21 2897.14
2834.56 2925.71
2838.24 2977.14
2841.91 3017.14
2852.94 3080
2856.62 3131.43
2860.29 3205.71
2867.65 3274.29
2875  3325.71
