0 362.791
0.00740741  362.791
0.0197531 362.791
0.037037  361.628
0.0592593 359.302
0.0987654 353.488
0.111111  351.163
0.135802  345.349
0.148148  341.86
0.17284 334.884
0.182716  331.395
0.204938  323.256
0.214815  319.767
0.237037  310.465
0.246914  306.977
0.274074  295.349
0.301235  282.558
0.328395  267.442
0.360494  250
0.390123  233.721
0.409877  223.256
0.439506  204.651
0.464198  188.372
0.488889  172.093
0.511111  158.14
0.535802  140.698
0.562963  127.907
0.595062  117.442
0.614815  109.302
0.646914  97.6744
0.666667  91.8605
0.693827  82.5581
0.718519  74.4186
0.748148  65.1163
0.77284 58.1395
0.802469  48.8372
0.837037  38.3721
0.869136  30.2326
0.893827  23.2558
0.918519  17.4419
0.950617  9.30233
0.987654  2.32558
1.000000  1
