65.3021 8.24786
98.9279 8.51852
133.528 8.73219
167.641 8.94587
201.754 9.17379
235.867 9.40171
269.981 9.62963
304.094 9.85755
338.207 10.0997
372.32  10.2991
407.407 10.4558
442.495 10.641
476.608 10.8547
510.721 11.0541
545.322 11.2251
579.435 11.4245
613.06  11.7236
645.224 12.1083
677.388 12.4929
710.526 12.8063
744.639 13.0769
778.265 13.3476
811.404 13.6467
845.029 13.9459
878.655 14.245
912.281 14.5442
945.906 14.8291
979.532 15.1282
1013.16 15.4274
1046.3  15.7265
1079.92 16.0256
1113.55 16.3248
1146.69 16.6239
1180.31 16.9373
1213.45 17.2507
1247.08 17.5499
1280.21 17.8632
1313.84 18.1624
1347.47 18.4758
1380.6  18.7892
1414.23 19.0883
1447.86 19.3875
1480.99 19.7151
1514.13 20.0427
1547.76 20.3561
1580.9  20.6695
1614.52 20.9972
1647.66 21.3248
1680.8  21.6239
1713.94 21.9373
1747.08 22.265
1780.21 22.5926
1813.35 22.9202
1846.49 23.2479
1879.63 23.5755
1912.77 23.9031
1945.91 24.2308
1978.56 24.5584
2011.7  24.886
2044.83 25.2279
2077.97 25.5698
2111.11 25.8974
2144.25 26.2393
2177.39 26.5812
2210.53 26.9231
2243.66 27.265
2276.8  27.6068
2309.94 27.963
2343.08 28.3048
2375.73 28.661
2408.38 29.0171
2441.52 29.359
2474.66 29.7293
2507.31 30.0997
2540.94 30.3704
2575.54 30.4701
2610.62 30.3989
2644.74 30.1567
2675.93 29.7151
2703.7  29.1026
2728.07 28.3903
2749.03 27.5783
2768.52 26.7236
2787.04 25.8405
2803.61 24.943
2818.71 24.0313
2834.8  23.1197
2851.36 22.2222
2868.42 21.3248
2887.43 20.4701
